1.439550515075009307e-01
2.702626382692072227e+00
1.764359201195352966e+01
6.426833347029292653e-01
1.602466322502787932e+01
1.961507010135582707e+00
-7.229543604665850109e-01
3.022061307515752304e+00
1.500596708500367527e+00
2.447608196180880213e+00
2.141239155945941874e+01
1.684913718593987397e+01
-2.868743075258820774e+00
2.065841451647477811e+01
1.069678787590834546e+01
9.124585864835466076e-01
1.554974838374654666e+01
-4.886326294199141884e+00
2.497737922201872518e+00
9.056154872326445116e+00
-3.470120368334721039e+00
2.597225560670362654e+01
9.998449961383888862e+00
1.677988826071708317e+01
2.295560158175193521e+01
1.452485572440776451e+01
9.937680795967121838e+00
7.858727932189297327e+00
1.162391514252597124e+00
1.315813225132581898e+01
2.172564432611880036e+01
-7.932934982677768865e+00
2.519354899201712783e+01
4.240698797617528104e-01
1.978831024122167648e+01
6.516193489261429050e+00
1.832689608551832094e+01
7.081797410928890590e-01
1.741788554255907684e+01
2.695073316879982528e+00
2.137118954084653311e+01
-5.454285651383058431e-01
3.507709972258490350e-01
1.415456506656945734e+01
1.048128069587842326e+01
2.109038866292215264e+00
1.257283972057291699e+01
1.184255872383476316e+01
2.217562477100826612e+01
7.483932190805999696e+00
1.795383393450711651e+01
1.322191841430272952e+01
1.987081894402993498e+01
1.773460264636338835e+01
1.334808772660728593e+01
1.087847304625228873e+01
9.520916125762909132e+00
1.051753178023467683e+01
-1.273477488703336213e-01
2.213881199576266923e+01
9.357882327356207952e+00
-2.672170058617779453e+00
1.767458090122971726e+01
1.207219861180251463e+01
1.678551875079190481e+01
7.288488423320361065e+00
1.788205364768858985e+01
1.136205907365939538e+01
1.248075787771034584e+01
3.598723224430888656e+00
1.994681230843799824e+01
1.391951994219087041e+01
1.756487901277222718e+01
7.637616950627087675e+00
1.657480050837101615e+01
5.611037158570805872e+00
1.769890707672858454e+01
1.260870623832520110e+01
2.335513838688717314e+01
2.007758028918939885e+01
5.395188897369295605e-02
-5.423441029202816566e+00
7.665983980286016575e+00
1.845751828612592149e+01
1.786569431958954013e+01
3.734949300554196938e+00
1.005323397237459027e+01
3.095938871708999590e-03
2.040841273644587339e+00
2.060117895299494606e+01
1.977419534033887771e+01
1.260624905897060888e+00
9.110060839702205371e+00
1.887173242230073811e+01
6.154074168516734389e+00
-3.790509176837810301e+00
4.854974477610688233e+00
2.347108287092419587e+01
-5.312892853805006865e-01
1.964101876632106780e+01
8.133337178694896252e+00
1.936676592397610008e+01
2.056061612123362892e+01
8.543095819533593982e+00
7.270705591896413633e-01
2.600097162464034994e+01
-1.759783186313231829e+00
2.479917408325978201e+01
1.913200161795555587e+01
1.717391814360653512e+01
2.235313522993024904e+01
1.472993372799633427e+01
1.350809911905451077e+00
6.438573242876208802e-01
2.267635953316296238e+01
5.063349190958170709e+00
4.145666651619343002e-01
9.620260702699363620e+00
3.659003387200674973e-01
1.855475926717485180e+01
2.312186171715985950e+01
-7.350337907515366531e+00
2.661742464190153257e+00
5.161308703287670774e+00
-5.073147055536653127e+00
2.645047990074417932e+00
2.322579901314126616e+00
1.975614480064752954e+01
-4.817058263711316846e-01
1.988504764602622998e+01
9.694223939418202818e+00
1.327919311032203531e+01
1.935794513740771450e+01
1.250637558580241837e+01
2.063658802930662617e+01
6.869500903304873951e+00
1.906048663226334128e+01
2.095069459867423589e+01
5.247023863800195365e-01
1.633322484708623179e+01
3.438865817452864349e+00
1.889901127432208616e+00
1.365947908049587589e+01
1.035245573828976440e+01
6.153459535768615929e+00
6.246238255569669384e+00
-9.879716762399812779e-01
7.393600084678869422e+00
1.382087334052699212e+01
1.735253925841483635e+01
2.105800138922140619e+01
7.242248544703606683e-01
1.791379659565002669e+01
5.025018639354203565e+00
1.492372744642128213e+00
2.421106396323541432e+01
1.499365609309900904e+01
2.562286474572330164e+00
1.646574488866530928e+01
1.670272445103158176e+01
1.103169632733544603e+01
6.770465491470329944e+00
2.206251080951363619e+01
1.983564168685378704e+01
-6.232498739624955375e-01
1.758044006672355053e+01
1.143180084833397459e+01
1.240366554223724549e+01
3.929648420414358689e+00
-3.624392429204933208e+00
-7.461748767713251296e-02
1.963184072260741786e+01
1.489671094177286470e+01
7.920785061655001513e+00
9.022080758936477096e+00
1.121906115885898991e+01
2.195477458398055148e+01
2.096926213808044448e+00
2.029562650938771640e+01
2.109419957852692562e+01
-2.333306390792646123e+00
3.741090651281706592e+00
1.003963168078389501e+01
-1.427160072149351144e+00
1.742874187281221454e+00
5.969229350056187933e+00
-1.502415551572239716e+00
-5.351889741878069984e+00
2.203806954549256858e+01
1.525501268669345478e+01
2.472645784772615229e+01
1.389180241337534305e+01
2.518188322856946471e+01
1.861670666720408462e+01
2.715893470666300402e+01
2.223670366311854707e+01
-8.808875083298536302e-01
1.420079501066373595e+01
1.212647520533483103e+01
1.171217786615819989e+01
2.001854423890258161e+01
1.184414464918756238e+01
2.307982212751878137e+01
1.001210943981687862e+01
-1.172460361136567597e+00
1.689471139600170346e+01
2.072603010621041264e+01
2.112486660949402051e+01
8.312176553809109691e+00
2.062558059471556504e+01
8.184904389886341392e+00
7.929284542710385075e+00
2.214498745418302761e+01
3.273982015924149280e+00
2.375769014821240077e+01
1.064751332325856481e+01
2.102235357012341410e+01
7.444426054543754390e+00
7.864518121344238111e+00
-2.186012976408782560e+00
1.602855876428517456e+00
8.219198044290610738e+00
2.498197256515153342e+00
6.932941279780110655e+00
1.874869117224101700e+01
1.408187894969241682e+01
-4.030562549617268786e+00
1.859478513387092491e+01
2.549099100352682612e+00
2.347690306119617532e+01
2.327754369322202876e+01
1.863559584842029793e+01
1.654670577281870436e+01
-4.166671908947807701e+00
1.181905096659057008e+01
9.218029275819992208e+00
7.566430998558001164e+00
-1.389956746782838648e+00
2.305465295063967446e+01
1.479739288318529944e+01
1.263439850646038565e+01
1.445477712137666870e+01
5.247461585274942886e-02
1.256791575756304624e+01
1.204605015924016342e+01
5.679807855100655445e+00
9.887450775277892845e-01
2.977347188461608507e+00
1.396124181180419477e+01
2.376425470290908137e+01
1.367281036887765922e+01
1.972154290548785838e+01
-1.271582772696238317e+00
1.834503538904361974e+01
8.341914039400787573e+00
-3.360291728699685621e+00
2.274583429912393484e+01
2.179312955700647692e+01
6.281919295233527656e+00
2.245464494165857516e+01
2.610523408603905082e+00
2.707475895206251337e+01
1.564642648421437343e+01
2.068335735699682587e+01
-1.130427544319353661e+00
2.169813532291371061e+01
-1.255128652195432792e+00
1.104744092108996334e+01
-1.893084169492365243e+00
1.036720749626256577e+01
6.818551585501577250e+00
1.297824082283481495e+01
6.860518820273366902e-01
1.970777409954082060e+01
1.038400288225327728e+01
1.742525820717322205e+01
1.303150118848236616e+01
3.773628088683000925e+00
8.758785256009987696e-01
4.900346910205087281e-01
1.917190978349171715e+01
2.769475433817237331e+01
2.644770048638469362e+01
-2.089536497497664236e+00
-2.117685471383842000e+00
1.802621686708814863e+01
2.199867774282013855e+01
6.655551383851705971e+00
1.281131182501730237e+01
-4.709760069576470976e+00
5.325563592614296349e-01
1.159145925679416855e+01
3.018364731651214328e+00
2.467956851525555351e+01
2.314142167597650612e+01
2.088444274111948573e+01
-2.594924826461983969e+00
2.258087651120969497e+01
1.033175903961241993e+01
1.207179952902768250e+00
1.641744522504677661e+01
-3.069738216771966677e+00
1.922593589207743037e+01
1.298247467436969593e+01
1.824322830928391426e+01
9.126358351297216842e+00
1.877288119029745417e+01
-2.092804711001328588e+00
1.336413093046768985e+01
2.311685965850839253e+01
2.523457341525949360e+01
2.339837976646904849e+01
2.592927409062759203e+00
-5.338727079748165849e+00
1.974718590280241770e+01
2.523206349352872913e+00
1.191118169403936555e+01
1.840773941899649202e+01
1.136336619341334142e+01
1.044549466607322330e+01
2.384508624497293638e+01
1.026323060330625303e+01
1.022988523054224252e+01
2.144108660544677747e+01
-2.348563748148750463e+00
1.548411421459763204e+01
7.695224951059904228e+00
2.125241516669668229e+01
2.104060557032895673e+01
9.449515498719947004e+00
7.795344953546278433e+00
1.952754342989410574e+01
2.541869414999636589e+00
1.322994246802445539e-01
2.250857192383724836e+01
-1.358077282534417396e+00
1.492857985746854155e+01
2.135427683770877039e+01
-5.321897220772546788e+00
-6.998477086963802662e+00
6.618137248174675413e+00
1.076779426644466753e+01
2.206563607510608538e+00
1.299362982765887864e+01
1.338970711090632726e+01
2.720177627823407462e+01
8.673262848180463891e+00
2.306188946689850994e+01
1.748235561225720147e+01
-1.121076869161318434e+00
1.797940317571266533e+01
6.950218320541345918e+00
-1.785483045919851186e+00
2.372366730488932163e+01
2.122306317695343836e+01
1.216584322842938803e+01
1.258338938048504829e+01
-1.341383344755509022e+00
1.789623104577169244e+01
1.988078854829167952e+01
2.184460121916012554e+01
9.840843706813307890e+00
2.318098441287147704e+00
-1.631296534251621910e+00
2.044643676956833644e+01
-3.561749640402379846e+00
-1.404259102676358895e+00
8.960490353001990371e+00
1.784253760330765459e+01
6.226037871588383510e+00
-1.806699002320179437e+00
-7.858960657893998558e-01
1.055323841081084346e+01
1.003237746513296713e+01
1.690901192583272916e+01
2.586564306830458904e+00
1.358149305350683989e+01
-7.004142893894893529e-01
6.132204297775907698e+00
2.149214716889619226e+01
8.039987270736316916e+00
1.495295954764995727e+01
1.180577932562205490e+01
1.820447260046217508e+01
2.854910288511548710e+00
2.206067507521224513e+01
3.427549378616075337e+00
6.835949546079161721e+00
6.912827538017747742e+00
1.487355689324536279e+01
2.044042687369204714e+01
1.146511437812878853e+01
5.058290114041258612e+00
3.474697758843773077e+00
-4.812457249703941287e+00
1.945100074579715965e+01
2.007004732991423168e+01
-5.212716035079693278e+00
2.168815730237798789e+01
4.404700853227699220e+00
-1.524600971570328811e+00
1.170439598836973616e+01
1.623781278461119726e+01
1.842118162419424721e+01
3.288877621094217663e+00
2.648336218460768610e+00
1.778507687067628851e+01
8.443466900090760063e+00
-1.369926269577719458e+00
7.782334977731619752e-01
1.584606023270124808e+01
1.354061825510865980e+01
1.579610225415580271e-01
4.945474622615463334e-01
7.269050148678943835e-01
1.043047727523815693e+00
1.632833702369089934e+01
4.743400721411591192e+00
9.792836600630902666e+00
2.316175386967535132e+01
2.562301448850777774e+01
1.322469746537078805e+01
2.433275308034656970e+00
-5.499882267569070393e+00
9.692372016285109027e+00
2.291953279894099182e+01
1.003708831882209829e+01
-5.450868262248707019e-01
-6.837940011413023988e-01
1.541021847085455043e+01
8.971746908137301801e+00
1.228992759537808510e+01
1.103272372606909180e+01
-3.818964463358288652e-01
2.095940656930688561e+01
-2.853207555512546456e+00
-1.262119330083246949e+00
-7.205060457523611017e-01
-9.674015389856174263e-01
3.963303693460008326e+00
1.737586949495951316e+01
1.168017462971798714e+01
-7.308464152458695740e-01
1.733493954653461344e+01
2.413866481781985840e+01
1.021489966392657323e+01
2.957178549871068984e+00
1.816263479835690120e+01
-3.206611137147288293e+00
1.222076560310582671e+01
1.873881785712042358e+01
4.905809056869463447e+00
2.013605558831669029e+01
1.097609545071428272e+01
-1.764366577148620330e+00
1.515996099256328300e+01
-5.905466800322974663e+00
2.089636071949553653e+01
-7.383749285147198638e-01
1.608413480295074294e+01
8.680912065752893980e+00
1.105979208558055760e+00
7.076812386167666169e+00
9.393415074680719457e+00
-4.416610355765271834e+00
-2.623663254804565081e+00
2.307130893675038408e+01
1.776683410070222280e+01
1.137459502829687885e+01
1.922798588920468177e+00
1.890770167717704098e+01
4.005851882643706174e-01
2.517052656561965307e+01
2.204320519707432879e+01
6.692290541540412363e+00
2.129588246246799699e+01
1.053156627851294758e+01
2.192894512918617167e+01
6.448591423965027047e+00
7.988844445247143433e+00
4.029958246593081661e-01
1.491289537296848167e+01
2.190536834945964628e+01
1.278609887104197540e+01
2.529525340461114524e+01
2.249474250854932933e+01
1.262231568418767580e+01
2.033264383736105074e+01
1.829881359278584085e+01
2.069769843258875497e+01
1.937640516525640777e+01
6.469132272705990783e-01
1.645125881775726739e+01
1.339901639505316311e+01
1.421473913431593772e+01
2.509106158417593324e+00
7.046089619652862623e+00
1.996838385762710288e+01
1.282283483646712696e+01
1.580389316143000400e+01
1.886732003631133736e+01
1.879861936171335657e+01
1.558698958467215157e+01
2.366047727935930212e+01
3.240811064047004919e+00
1.304260415882405511e+01
7.476638506755306501e-01
3.788956034756773672e+00
1.834251607700636910e+01
7.261643910949286962e+00
2.078721803298561355e+01
1.894972132514491747e+01
-3.314469875672918509e+00
6.368936235170149729e+00
9.571815569799571932e+00
1.780459425963132247e+01
7.612787679669854590e+00
-1.734027036882038741e+00
-3.843358344298546836e+00
-8.599050871890210335e-01
5.541829420871740908e+00
2.268295514623972942e+00
9.996622966371193186e+00
1.860477404261942524e+01
-2.507405706621780528e+00
1.639333150314858401e+01
-1.395028699053144194e+00
-4.954536290108269903e+00
1.062098370109534073e+01
1.904466970932584857e+01
5.950426341434011945e+00
4.264359389494001285e+00
7.781062398123287371e-01
1.160197040373807553e+01
9.871356817105931825e+00
1.717028897450106939e+01
2.946488864163367527e+00
9.458094196727870440e+00
1.396423377491932705e+01
-3.699977542310407763e+00
2.036187454785694850e+00
1.491217224057499458e+00
8.067171469844524268e+00
2.152056022247659683e+00
9.878321609016438742e+00
1.675513288081817542e+00
2.091797829166962774e+00
1.206250012461695142e+01
2.149224212010726021e+01
2.166316743155019608e+01
1.956217111718168700e-01
1.321789169640999262e+01
-3.310765629263145549e+00
1.909098073007338137e+00
1.070559321263762520e+00
1.232697246868186269e+01
2.393776337366895035e+01
2.137852798928793163e+01
5.030361878552567362e-02
1.692464973659998151e+01
7.892316800554244338e+00
-5.569462287172652903e-01
-3.712981346680578998e+00
1.126698557495266684e+01
7.322772082380481606e+00
1.466663329067590205e+01
2.335095602777056456e+01
1.486539323944490931e+01
6.485530861389885438e+00
1.902434676224501686e+01
2.064288985588217784e+01
8.655290323345901982e+00
1.896157086146171622e+01
2.148186486633172798e+00
1.530529975210257243e+00
1.526799034797781474e+01
1.713574975561109781e+01
1.457006311201057613e+01
1.968171916113801601e+01
1.565089380761972393e+01
1.928492732244092522e+01
3.255758867241583587e+00
7.697644403912938138e+00
-9.346751954186284239e-01
2.250018009848336575e+01
1.336080373635926577e+01
1.866139093071380728e+01
1.774656990375862620e+01
1.377231630720732403e+00
1.836400261651116850e+01
2.040217156514234631e+01
-3.368843606039249927e+00
1.289964515605009154e+01
1.512471040390704857e+01
1.908622466237654791e+01
6.864671914006839515e+00
1.311544703355358443e+01
3.945169701750336877e+00
7.556447676677162661e-01
1.249320533002018863e+01
1.232802056140029379e+01
2.426744295980305388e+00
2.053302691858386453e+01
6.056752156389956454e+00
9.041181389236063737e+00
1.251033670442181212e+01
2.640029730742222114e+01
5.651358527923239450e+00
1.968554597293846697e+01
2.829340695390701654e+00
1.294083613076093009e+01
1.679733703433198855e+01
6.402379811769057127e+00
5.429726375577224040e+00
-1.431909138828750261e-01
9.898506780309293873e+00
1.932105008879890118e+00
4.294563726388263447e+00
1.701504961342753219e+01
2.445962341717442712e+01
1.765879421452400067e+01
2.227284922168399461e+00
1.872564365833843780e+01
2.404935784477396865e+01
7.832753653337382715e+00
1.724495999227645981e+01
2.400168119913584164e+01
1.194734744652063441e+01
1.101630554931445616e+01
9.755896648308894914e-01
2.422387199899827692e+01
1.413209754424189946e+00
2.133916900345720435e+01
2.121153071234215659e+01
1.788405716506779441e+01
-2.971740048625374442e+00
1.848987452105212270e+01
4.617282708615489284e+00
1.535350001298261091e+01
9.375535841425879369e-01
2.819751106251134676e+00
2.212929373038435799e+01
1.692920075103620192e+01
-1.651144817987906910e+00
6.396408935135737828e-01
1.940691666628205070e+01
2.253369142297419003e+01
2.417309569484294318e+00
3.312991410469262821e+00
1.829494933084992425e+01
1.043347455272971480e+01
3.814682358288240316e+00
1.350413573962229163e+00
6.904729118796897325e+00
9.318870493071052863e+00
1.101786837402113406e+01
1.009467973350456660e+01
1.946475465344226308e+01
1.126609910988063135e+01
1.842894663732619165e+01
9.149964377845723362e+00
6.691132709841871140e+00
4.594005834466418747e+00
1.307858807797130751e+01
1.353821239687248479e+01
1.635115901178281916e+01
1.795482760919844623e+01
2.196112758040778346e+01
1.698939956774690074e+01
1.577686899432952217e+01
1.007708048385285693e+01
7.492521882603957462e-01
1.413989434546126489e+01
2.117640735503853122e+01
2.027097370847553037e+01
9.380991246035618403e+00
1.225163851155396522e+01
1.750563018495095768e+00
1.167312568554395114e+01
1.093773810989626583e+01
1.057819906165100576e+01
1.388414209969945645e+01
8.592026142247581433e+00
1.700358766590191806e+01
8.077569791285213796e+00
1.093100929218172368e+00
-6.189802124943676986e+00
5.880268972545064976e+00
9.686781042452967672e-01
-3.087772225002581195e+00
2.357692792383813796e+01
-4.552254822337365781e+00
3.396607313847875176e+00
-4.042366960071716697e+00
1.885078969070297816e+01
2.009306242460058201e+01
1.038358988838912644e+01
3.368280966154619804e+00
1.842422451012094342e+01
8.090542509154605710e+00
2.216102922382822982e+01
4.917611943448330081e+00
1.859352377938919432e+01
1.989531663705973230e+01
-7.947205688437861681e-01
1.148067746093127184e+01
1.711821252761779988e+00
1.329149458492621960e+01
8.798084593716993140e+00
6.998581551144930302e+00
2.171836518302664842e+01
1.813912162832606256e+01
1.592953889983934346e+01
1.803781352779912339e+01
5.397343623758565023e+00
1.618269637083832890e+01
2.009270472663652285e+01
1.370467105770782545e+01
2.042726468421051322e+01
1.285160865517133644e+01
1.489650553817580914e+01
1.213843183588524610e+01
2.203463861804941359e+01
9.869797681950698731e+00
7.679174617953343329e+00
1.441558635089232787e+01
-2.078836724233542821e+00
2.096772094813918130e+01
-1.200388166279288793e+00
-2.800338596096917598e+00
2.416275948927741268e+01
1.694383291839168493e+01
2.262038027372883775e+01
1.263506794084819873e+01
-1.373797618919485597e-01
-1.370434778644942675e+00
1.881699493026945902e+01
2.195958874285698315e+01
-2.205049918884759430e-01
2.146869435488017075e+01
2.524930221726545465e+00
1.020263874488603939e+01
1.328990587459299277e+01
-4.847944549812185144e+00
2.044642136120714682e+01
1.003766251729036085e+01
-5.311449577485885420e+00
-2.172123467405322028e+00
1.817774768864786950e+00
1.934978522615301344e+01
-2.923457496533432565e-02
-3.116030749161168067e+00
1.521710479018456397e+01
2.223796338229579561e+01
1.721996658360890997e+00
8.106152566126727521e+00
2.437916920188883907e+01
1.151272756841782985e-01
2.578370718565793362e-01
-1.890374415185567258e+00
1.977234064131770452e+01
-3.406245416825647077e+00
7.315251800934148285e-01
2.545669189877105554e-01
1.479547709938746358e+01
1.047308569313194404e+01
1.207193600310652926e+01
2.084396908206371535e+01
1.778807152224931798e+01
1.141775523153373939e+01
1.027387439011821080e+01
1.069540403991557298e+01
2.410972651242197173e+01
1.574494198945815171e+01
1.187154593933939850e+00
3.902601538080007870e+00
2.120117907843881255e+01
1.012960653412999612e+01
2.182810034413967770e+01
-3.305676360269334257e-02
7.334879071261779515e+00
1.428768752982079171e+01
8.685259368891838250e+00
-3.092079823395798677e+00
1.950168282391858199e+01
2.071846157307641079e+01
1.039416291685162896e+01
1.937492703910327352e-01
1.357310872581533090e+01
1.763435997708272041e+01
1.267726214636186377e+01
-5.323384743270024089e+00
-4.129978207288623970e+00
3.738312490872131910e+00
1.065840463415280048e+01
7.208483240705595207e+00
-6.690512993579947221e+00
-1.244450853881896302e-01
1.090271675202304991e+01
2.559492042587366001e+01
-3.353381464753980024e-01
7.525546536933763520e+00
1.211562943113450785e+01
1.622389710262348572e+00
2.430878873555131392e+01
1.387306647675820059e+01
1.169394886406913514e+01
2.038626807211537084e+01
2.244585130878993695e+00
1.056949536728421890e+01
-2.608298605385406255e+00
-4.245022141694564377e-01
2.131719654548981424e+01
9.788487100804756480e+00
1.979986490509130448e+01
7.463188655339309641e+00
5.718812525939150682e+00
-4.604064037277140642e+00
5.668273824811869588e+00
1.393796005763427459e+01
1.967931570734755553e+00
9.645965007086058307e+00
-7.975368835500611375e-01
1.462239829696135374e+01
-1.330111998808586549e+00
1.480595296671237371e+01
1.371634588824843171e+01
6.960774608089623783e+00
3.085534395556663423e+00
1.252190843887014005e+01
-3.305804998824998009e+00
1.813638565087590138e+01
1.335962677536891974e+01
1.809368696756554762e-01
-3.559435484832678576e+00
2.317143127015285131e+01
1.035222756066288596e+01
2.201507261824120931e+00
2.034079195131494799e+01
1.822179956266822387e+01
1.041194968462767489e+00
1.070657970010459437e+01
-2.106586690747209445e-01
2.216696465598088039e+01
9.874908466383246264e+00
4.594576173333919100e-01
8.053725381555528529e+00
1.150088435253231367e+01
2.329482253300162498e+01
9.606370296076240933e+00
9.120951513984282499e+00
1.863872851598664937e+01
2.018102625470009404e+00
2.465268429749026424e+01
1.216696906694259539e+01
1.808219746899418112e+01
2.600435173893844265e+01
-1.191806858929381985e+00
2.083036635639907530e+01
1.425740146855484447e+01
2.237466360671144372e+01
1.744162925738685033e+01
2.279213514229469606e+00
1.927556430309530100e+01
-1.832221320291639532e+00
4.066325360577957015e-01
1.949317249166708876e+01
2.232567065996614275e+01
1.260023065195709613e+00
1.373137201605682733e+01
4.774478452602110679e+00
1.603407431006335315e+01
3.545456266662711187e+00
2.027524158944240895e+01
9.667620970545346637e+00
1.262702671110525188e+01
8.923529148367341790e+00
-2.709311203775009336e+00
7.579419761873936956e+00
-1.066127121914278719e+00
2.415185842812095984e+01
1.449782791985803954e+01
1.359817709097458582e+01
6.601768678985298067e-01
8.239459566265917800e+00
4.967559467900227510e+00
2.305249803093796501e+01
1.637757982764797760e+01
1.203035847799903735e+01
-1.080176847050748012e+00
-2.149599531003148822e+00
1.857305466569860641e+01
2.006207629601270170e+01
1.931084241574956195e+01
6.553425436772115198e+00
-5.976164713753892244e+00
1.019014923021339314e+01
-7.285909325519273061e-01
2.316327353180888338e+01
1.761439385264230495e+01
6.779474538026153851e+00
5.630797375763814117e+00
2.047813232932170280e+01
3.878938118767480403e-02
1.083292189242746240e+01
2.161809780790111191e+01
2.092893054530659569e+01
-1.066999807731524808e+00
-4.004802356196726976e+00
4.130513999199077801e+00
-1.320169854677331944e+00
2.666409569236832766e+01
1.149604891127450657e+01
1.991604512717433551e+01
8.044829936723236763e-01
2.125891326478113541e+01
5.096960473960391091e+00
-1.978693742788773857e+00
4.955053538437807603e+00
1.672087719821034923e+01
1.019266297107442831e+01
2.038982406847235751e+01
9.789289773441572251e+00
-8.752073643743825404e-02
1.442377715048353970e+01
-2.819941809802328780e+00
1.187244110903635708e+01
-2.473031989005250786e+00
6.617992793436088483e+00
8.777320795777789897e+00
5.241052553035183692e+00
1.927851295158475509e+01
3.117506818160018511e+00
-1.353404840404029086e+00
4.770832455100475045e+00
3.465674691774520144e-02
1.019309995789627088e+01
2.254492955519953057e+01
-2.416003578231018079e+00
1.225212276840063552e+01
-8.265397926954513252e+00
3.861171694071459548e+00
1.458853710316186536e+01
5.306957289627845853e+00
2.265940254491616290e-01
1.872413961273835170e+01
-1.287537674062215087e+00
1.845550122724725028e+01
-1.403214980710542292e+00
1.910257641110773719e+01
2.600361317132909988e+01
1.150065379947805511e+01
-9.078644806667059974e-01
-2.040290005504546755e+00
-4.745866089130155174e-01
1.748350978921598653e+01
-5.640430088489544191e-01
1.095316445628137814e+01
5.628839483844534364e-01
5.678387314523994256e+00
2.218627470868475982e+01
9.896621939631492282e+00
-3.962907671286469924e+00
-2.497113274258146998e-01
7.410311136140632637e-01
2.019188711744722298e+01
9.422771523281679995e-01
1.792085097068402888e+01
-9.683295490371131020e-01
1.059896498490672245e+00
6.080055940013577853e+00
2.029120126326429840e+01
2.118779742107939512e+00
4.764055811238861793e+00
-5.693376072286349121e-01
2.168211563168214084e+01
1.235608584093139939e+01
1.883548737611688040e+01
2.435640909725752756e+00
-2.886656344751413528e+00
-4.646456023557895554e-01
6.981591242940925923e+00
2.060829444843258784e+01
4.954702007144579312e+00
-2.274969835921871741e+00
7.450723460916763852e-01
1.081302949712616268e+01
2.905717308110054020e-01
1.204358802533498363e+01
8.706934832523328893e+00
9.970891619936439909e+00
-1.949213097446188092e+00
6.964014215728894897e+00
1.127470517820448492e+01
1.072827026550424456e+01
1.166024513176296118e+01
-3.477735842455499160e+00
7.873005195952671009e+00
8.568485919826935415e+00
1.984581467337791949e+01
