7.066374917931956823e-01
-2.034212244726271823e+00
-1.354153377958228877e+00
-2.950810316448309045e+00
-2.879365305598142744e-01
-1.787660531770745909e+00
2.469797293345960210e+00
1.286490472807073182e+00
-1.391682761934236456e-01
1.327690554392175981e+00
-1.292621196326194433e+00
1.391116055708114807e+00
2.092569441101244543e+00
1.838922764903150320e+00
-2.047254827111603781e+00
-1.157416229256560403e+00
-6.972727959933544550e-01
-1.216512235379190177e+00
3.450715087087299349e+00
2.400963320798053857e+00
-1.227754373098715490e+00
3.187115985542295249e+00
2.216550521926974326e+00
5.704824213888219919e-01
1.347967073220991852e+00
8.848009245654386845e-01
-1.330565369794796116e+00
2.831034943119500991e+00
1.301332078296869366e+00
-2.083631886195760341e-01
-2.224673231174933541e+00
-2.228851373025980465e+00
1.284496286825370426e+00
-2.027659585998806246e+00
-1.704477391178364387e+00
-1.159521856855077582e+00
2.476206687323985633e+00
-3.458013769038352336e+00
5.701547731660554508e-01
-2.339336511871562774e+00
3.929406843228431256e-01
-3.370744570645187288e+00
1.770285277643043331e+00
3.336999388086571372e+00
-2.128820490499482077e+00
-3.001687691797057522e-01
-2.268863551840873072e+00
-3.879317564329631818e-01
-7.420912811941222653e-01
2.577242050469473966e+00
9.648997598268855835e-01
-1.942170735997946762e+00
-1.757390239568443757e+00
2.479826485561659855e+00
-1.220030018609817635e+00
-2.320135760884627807e+00
-1.743614805309197102e+00
6.863824094999966263e-01
-5.508298467135686050e-01
-3.709627112027831686e+00
-1.724817354519275980e+00
-8.432737482412553387e-01
-2.294197418779431619e+00
-6.838172737787291400e-01
-2.404408687327994176e+00
1.651784076684909564e-01
-3.566548168445681233e-01
-1.547125028495707939e-02
1.299904385703325893e+00
-1.375865961138247773e+00
-3.690789120909759857e-01
-2.380085889572136626e+00
2.570193080898298899e+00
-2.221921124433147376e+00
-3.116617043544726684e+00
-8.475089361997206749e-01
-1.164273265814767422e+00
2.246705601653403495e+00
9.372425676615740997e-01
3.913210733959626708e-01
-2.915194128649679417e+00
-5.940836419979580452e-01
7.912577667244680146e-01
-5.832876977972086818e-01
1.648846798200811925e+00
-1.953927603836960403e+00
6.144398436363381760e-02
-5.307193187109222610e-01
1.062983902590522556e+00
3.043739142422252630e+00
3.031872550996138393e+00
6.774956074721181221e-01
-1.795560258277367316e+00
-2.910887425240492377e+00
-3.135644261274375122e-01
5.113616227404024078e-02
-3.458535469719214994e+00
2.784471050155022942e-01
4.062867274897813630e+00
-2.216105873697615358e+00
